DISPLACEMENTRFACTOR
-0.2056 0.6847  
0.2465  0.2796  
0.1456  0.3355  
0.0303  0.5494  
0.2093  0.2844  
0.2026  0.2868  
-0.0868 0.6386  
0.1351  0.3472  
0.2381  0.2785  
0.2500  0.2810  
0.2356  0.2783  
0.2417  0.2785  
0.2043  0.2857  
0.2398  0.2791  
0.2436  0.2789  
0.2370  0.2785  
0.1742  0.3100  
0.0940  0.4291  
0.2236  0.2787  
-0.0235 0.6504  
-0.1443 0.6532  
0.0751  0.4778  
-0.2500 0.5386  
0.1072  0.3955  
0.2291  0.2778  
0.1872  0.2983  
0.1619  0.3201  
0.2182  0.2798  
0.1903  0.2968  
0.1846  0.3007  
0.1646  0.3181  
0.2314  0.2776  
