DIPLACEMENT      RFACTOR    SEARCH_INDS: [0 1]    SEED: 23456
-0.0891 -0.0863 0.6253  
0.1877  0.0683  0.6917  
-0.0224 0.2273  0.8171  
0.0611  0.1689  0.7821  
0.0757  -0.1363 0.4960  
-0.1956 -0.1254 0.4381  
-0.0958 0.1349  0.7936  
0.2066  0.0450  0.6108  
-0.2500 -0.2248 0.4444  
0.2500  -0.1403 0.2722  
0.1946  -0.2500 0.3898  
-0.1147 -0.2500 0.6070  
-0.2500 -0.0851 0.4762  
0.2500  -0.0811 0.3506  
0.0345  -0.2500 0.5479  
0.2500  -0.2500 0.4235  
0.2161  -0.1572 0.2813  
0.2500  -0.1605 0.2726  
0.2107  -0.1403 0.2947  
0.2024  -0.1700 0.2866  
0.2293  -0.1682 0.2777  
0.2314  -0.1449 0.2775  
0.1953  -0.1542 0.2975  
0.2297  -0.1340 0.2840  
