DISPLACEMENT                                                    RFACTOR    SEED: 34567
0.0211  0.1411  0.0110  0.0083  -0.0451 -0.1140 -0.0683 -0.2341 1.0162  
0.1108  -0.1639 -0.0296 0.0801  0.0601  -0.2389 0.1284  0.1393  0.7278  
0.0977  0.1539  0.2255  -0.0754 -0.1714 0.1290  -0.0487 0.1494  0.9283  
-0.0136 0.2410  -0.0299 -0.2263 -0.1078 -0.2476 0.0011  -0.1895 0.7765  
-0.0702 0.2335  -0.0227 -0.2478 0.0994  0.1350  -0.0158 0.2035  0.7481  
0.0406  0.2499  -0.0102 -0.2421 -0.1793 -0.1570 -0.0122 -0.2198 0.8809  
-0.0002 0.2415  0.1104  -0.1994 -0.0094 0.0476  -0.1278 -0.0095 0.8730  
0.0151  0.1040  -0.2406 0.0165  0.2143  0.1971  -0.1690 0.0317  0.8447  
0.1163  -0.2180 -0.0558 0.0722  0.0952  -0.2500 0.1771  0.2235  0.8068  
0.1364  -0.1621 0.0166  0.1358  0.0144  -0.2500 0.0920  0.0756  0.6948  
0.0650  -0.0920 -0.0617 -0.0002 0.0779  -0.2343 0.1213  0.1297  0.9139  
0.1116  -0.1970 -0.0516 0.1235  0.0979  -0.1354 0.1261  0.1271  0.6264  
0.1419  -0.1563 0.0274  0.0247  -0.0371 -0.2500 0.1647  0.1850  0.9845  
0.0958  -0.1354 -0.0057 0.1374  0.1387  -0.2500 0.0449  0.1950  0.6787  
0.1032  -0.2162 -0.1024 0.0777  0.0654  -0.2500 0.1935  0.0469  0.8074  
0.1862  -0.1534 -0.1202 0.0846  0.0174  -0.2500 0.0487  0.1878  0.8917  
0.0915  -0.1742 -0.0029 0.1337  0.1057  -0.1703 0.1129  0.1140  0.5900  
0.0820  -0.1504 -0.0479 0.1464  0.0703  -0.1638 0.1253  0.1521  0.7738  
0.1304  -0.2079 -0.0016 0.1243  0.1329  -0.1641 0.0814  0.1013  0.4631  
0.0681  -0.2306 -0.0204 0.1294  0.0790  -0.1613 0.0674  0.1304  0.5361  
0.1323  -0.1235 -0.0180 0.1358  0.1264  -0.1615 0.1516  0.1197  0.7230  
0.1098  -0.1720 0.0313  0.1302  0.0916  -0.0931 0.0992  0.1610  0.5625  
0.0957  -0.2269 -0.0250 0.1538  0.1088  -0.2143 0.1415  0.1289  0.6213  
0.0751  -0.1339 -0.0547 0.1299  0.1068  -0.1469 0.0737  0.0807  0.6893  
0.1308  -0.2383 0.0286  0.1188  0.1363  -0.1315 0.0561  0.0958  0.5043  
0.1611  -0.2373 0.0204  0.1446  0.1301  -0.1212 0.0422  0.0955  0.4743  
0.0987  -0.2386 0.0242  0.1023  0.1666  -0.1324 0.0624  0.1019  0.5330  
0.1501  -0.2388 0.0337  0.1077  0.1182  -0.1767 0.0604  0.0860  0.5306  
0.1242  -0.2483 0.0312  0.1226  0.1326  -0.0871 0.0710  0.0405  0.5146  
0.1305  -0.2449 0.0207  0.1312  0.1670  -0.1045 0.0493  0.1463  0.5256  
0.1422  -0.2127 0.0266  0.1058  0.1326  -0.1157 0.0130  0.0914  0.4734  
0.1096  -0.2434 0.0650  0.1327  0.1485  -0.1831 0.0485  0.0924  0.6546  
0.1594  -0.2116 -0.0065 0.1189  0.1242  -0.1025 0.0444  0.0699  0.3989  
0.1556  -0.2224 -0.0196 0.1179  0.1345  -0.1382 0.0300  0.0318  0.4358  
0.1923  -0.1997 0.0028  0.1159  0.1315  -0.0604 0.0548  0.0780  0.3727  
0.1356  -0.2070 -0.0018 0.1473  0.1144  -0.0710 0.0326  0.0765  0.3987  
0.1731  -0.2228 -0.0130 0.0885  0.1118  -0.0747 0.0388  0.0802  0.3826  
0.1964  -0.1965 -0.0024 0.1285  0.1587  -0.1083 0.0480  0.0277  0.4137  
0.1877  -0.2097 -0.0109 0.1186  0.0945  -0.0739 0.0390  0.0115  0.3716  
0.1313  -0.2253 -0.0255 0.1244  0.1412  -0.0633 0.0158  0.0384  0.4418  
0.2152  -0.2028 -0.0053 0.1057  0.0997  0.0138  0.0398  0.0565  0.3660  
0.2500  -0.1973 -0.0088 0.1363  0.0944  0.0297  0.0201  0.0686  0.4295  
0.2004  -0.1997 -0.0031 0.0604  0.1039  0.0433  0.0465  0.0342  0.3508  
0.2400  -0.2142 -0.0124 0.1232  0.1052  0.0045  0.0631  0.0465  0.4423  
0.2096  -0.2032 0.0017  0.1224  0.0833  0.1086  0.0296  0.0612  0.4510  
0.2238  -0.1937 -0.0064 0.0819  0.0987  -0.0259 0.0264  0.0589  0.3199  
0.1874  -0.2075 -0.0018 0.1099  0.0981  -0.0085 0.0484  0.0563  0.3806  
0.2500  -0.1873 -0.0046 0.0631  0.0985  0.0707  0.0114  0.0486  0.3683  
0.2155  -0.1845 -0.0078 0.0502  0.1118  -0.0223 0.0210  0.0371  0.2861  
0.2292  -0.1962 -0.0036 0.0352  0.1043  -0.0350 0.0192  0.0102  0.2859  
0.0813  -0.0826 -0.0449 0.0105  0.1203  0.1296  0.1217  -0.0023 0.7621  
0.2137  -0.1760 -0.0087 0.0452  0.1199  -0.0063 0.0257  0.0812  0.3182  
0.2007  -0.1816 -0.0156 0.0536  0.0992  -0.0146 0.0060  0.0174  0.3093  
0.2242  -0.1685 0.0035  0.0571  0.1148  -0.0215 0.0297  0.0181  0.2829  
0.2361  -0.1894 -0.0014 0.0220  0.1246  -0.0220 0.0321  0.0761  0.2928  
0.2256  -0.1828 -0.0232 0.0261  0.1231  -0.0259 0.0232  0.0176  0.3127  
0.0150  0.0474  0.1170  -0.1989 -0.0138 -0.0170 -0.0257 -0.1659 1.0214  
0.0884  0.1622  -0.0897 0.2197  -0.0502 -0.1882 -0.1110 0.1635  0.8294  
0.2292  -0.1811 0.0055  0.0214  0.1186  -0.0269 0.0237  0.0226  0.2719  
0.2247  -0.0039 0.0435  -0.0193 -0.0410 0.1589  0.1214  0.1352  0.9421  
0.2293  -0.1773 0.0050  -0.0018 0.1103  -0.0372 0.0294  0.0246  0.2688  
0.2327  -0.1821 0.0104  0.0209  0.1309  -0.0094 0.0168  0.0137  0.2838  
0.2360  -0.1755 0.0158  -0.0321 0.1260  -0.0082 0.0244  0.0107  0.2721  
0.2116  -0.1038 0.0384  0.1239  0.1586  0.0418  0.0197  -0.0938 0.4418  
-0.0961 0.2062  0.1773  -0.1273 -0.1408 -0.1264 -0.0973 -0.0601 0.8152  
0.2316  -0.1804 0.0050  -0.0275 0.1145  -0.0079 0.0273  0.0219  0.2670  
0.2500  -0.1748 0.0101  -0.0365 0.1248  -0.0188 0.0401  0.0195  0.2742  
0.1757  -0.1460 -0.0006 0.0560  -0.0229 0.1124  0.0231  -0.1298 0.6445  
0.1757  -0.1460 -0.0006 0.0560  -0.0229 0.1124  0.0231  -0.1298 0.6445  
0.2417  -0.1920 0.0056  -0.0832 0.1142  -0.0145 0.0209  0.0407  0.2927  
0.2196  -0.1709 0.0084  -0.0187 0.1086  -0.0013 0.0213  -0.0061 0.2644  
0.2500  -0.1680 0.0101  -0.0349 0.1136  -0.0250 0.0198  0.0244  0.2657  
-0.1732 0.1698  -0.2127 -0.1565 -0.2168 0.0046  0.2034  -0.1699 0.7991  
0.2390  -0.1645 0.0082  -0.0267 0.1111  -0.0075 0.0216  -0.0031 0.2605  
0.2500  -0.1528 0.0091  -0.0544 0.1152  -0.0024 0.0186  -0.0372 0.2618  
0.1490  0.0380  -0.0766 -0.0908 0.0358  -0.0771 0.1141  -0.2469 0.8118  
0.0711  -0.0046 0.1537  0.2308  -0.0628 0.0429  0.0426  -0.0363 0.9980  
0.1356  -0.1291 0.1336  -0.0798 0.0857  0.1620  -0.0458 0.1237  0.8857  
0.0352  -0.1279 0.0557  0.1701  0.0605  0.0435  -0.1183 -0.2050 0.8855  
0.1356  -0.1291 0.1336  -0.0798 0.0857  0.1620  -0.0458 0.1237  0.8857  
0.0203  -0.2368 0.1415  -0.1716 -0.2351 -0.1927 0.1206  -0.1238 0.8112  
0.0520  -0.1223 -0.0633 -0.0487 -0.1014 -0.0385 -0.2027 0.0255  0.8724  
-0.2178 -0.1162 -0.1903 0.1099  -0.1343 0.2217  0.1078  -0.0161 0.9271  
0.2293  -0.1681 0.2251  0.1054  -0.0748 -0.0002 0.1493  -0.0989 0.8482  
-0.0415 0.0200  0.0415  0.0772  0.1425  -0.2438 -0.0881 0.0233  0.8832  
-0.0158 -0.0878 -0.0287 0.1771  0.2423  -0.2028 -0.1402 -0.1602 0.9927  
0.1252  0.1805  -0.0216 0.1665  -0.2377 -0.1192 0.2436  -0.0960 0.8026  
-0.0378 0.1833  0.2192  -0.0538 0.2417  0.0890  -0.1863 -0.2431 0.8382  
-0.0485 -0.2096 0.2005  0.0421  0.1086  -0.0445 0.0581  0.1882  1.0560  
-0.2495 -0.2438 0.0184  0.2333  -0.0297 0.0011  -0.2134 0.1136  1.0797  
-0.2270 0.1450  0.0625  -0.2372 -0.1310 -0.1168 0.0930  -0.0747 0.9078  
-0.1732 0.1698  -0.2127 -0.1565 -0.2168 0.0046  0.2034  -0.1699 0.7991  
0.1223  -0.1820 -0.2179 0.2467  0.0998  -0.0934 -0.2405 -0.0472 0.8869  
-0.2327 -0.0074 -0.1046 -0.1104 0.0667  -0.0106 -0.1057 -0.1871 0.8797  
-0.2118 0.2246  0.1466  0.2378  0.0733  0.1546  -0.0912 -0.2221 1.0192  
-0.1523 0.1380  0.1913  0.0684  -0.0433 -0.0665 -0.1252 -0.0371 0.8319  
-0.0070 0.0517  -0.0472 -0.1654 0.0941  0.1807  0.0099  0.1526  0.7123  
0.1202  0.0404  0.1366  0.1245  -0.1604 -0.0341 0.1927  -0.1911 0.8042  
-0.1686 0.2463  0.1036  -0.0699 0.2202  0.1697  0.1274  -0.1339 0.7168  
0.1821  -0.2395 0.0325  0.0783  -0.1509 -0.0742 0.0437  0.2046  0.8290  
0.1867  -0.0573 -0.1979 -0.0639 -0.1112 -0.2047 0.2375  0.1054  0.7425  
-0.1614 0.1524  -0.0738 -0.0459 0.1060  -0.1434 0.1810  0.2151  0.8829  
0.2070  -0.1849 -0.1084 -0.0030 0.0121  -0.2099 -0.1578 0.1553  0.5965  
0.0936  0.1035  0.1723  -0.2347 -0.2110 -0.0912 -0.1701 0.0284  0.7596  
